187.000  75.000 0.0 0.0 0.0   0.000
187.000  75.000 0.0 0.0 0.0   0.000
187.000  75.000 0.0 0.0 0.0   0.000
187.000  75.000 0.0 0.0 0.0   0.000
187.000  75.000 0.0 0.0 0.0   0.000
187.000  74.881 0.0 0.0 0.0   0.000
186.056  74.857 0.0 0.0 0.0   0.000
185.111  74.833 0.0 0.0 0.0   0.000
184.167  74.810 0.0 0.0 0.0   0.000
183.222  74.786 0.0 0.0 0.0   0.000
182.278  74.762 0.0 0.0 0.0   0.000
181.333  74.738 0.0 0.0 0.0   0.000
180.389  74.714 0.0 0.0 0.0   0.000
179.444  74.690 0.0 0.0 0.0   0.000
178.500  74.667 0.0 0.0 0.0   0.000
177.556  74.643 0.0 0.0 0.0   0.000
176.611  74.619 0.0 0.0 0.0   0.000
175.667  74.595 0.0 0.0 0.0   0.000
174.722  74.571 0.0 0.0 0.0   0.000
173.778  74.548 0.0 0.0 0.0   0.000
172.833  74.524 0.0 0.0 0.0   0.000
171.889  74.500 0.0 0.0 0.0   0.000
170.944  74.476 0.0 0.0 0.0   0.000
170.000  74.452 0.0 0.0 0.0   0.000
169.056  74.429 0.0 0.0 0.0   0.000
168.111  74.405 0.0 0.0 0.0   0.000
167.167  74.381 0.0 0.0 0.0   0.000
166.222  74.357 0.0 0.0 0.0   0.000
165.278  74.333 0.0 0.0 0.0   0.000
164.333  74.310 0.0 0.0 0.0   0.000
163.389  74.286 0.0 0.0 0.0   0.000
162.444  74.262 0.0 0.0 0.0   0.000
161.500  74.238 0.0 0.0 0.0   0.000
160.556  74.214 0.0 0.0 0.0   0.000
159.611  74.190 0.0 0.0 0.0   0.000
158.667  74.167 0.0 0.0 0.0   0.000
157.722  74.143 0.0 0.0 0.0   0.000
156.778  74.119 0.0 0.0 0.0   0.000
155.833  74.095 0.0 0.0 0.0   0.000
154.889  74.071 0.0 0.0 0.0   0.000
153.944  74.048 0.0 0.0 0.0   0.000
153.000  74.024 0.0 0.0 0.0   0.000
152.056  74.000 0.0 0.0 0.0   0.000
151.111  73.976 0.0 0.0 0.0   0.000
150.167  73.952 0.0 0.0 0.0   0.000
149.222  73.929 0.0 0.0 0.0   0.000
148.278  73.905 0.0 0.0 0.0   0.000
147.333  73.881 0.0 0.0 0.0   0.000
146.389  73.857 0.0 0.0 0.0   0.000
145.444  73.833 0.0 0.0 0.0   0.000
144.500  73.810 0.0 0.0 0.0   0.000
143.556  73.786 0.0 0.0 0.0   0.000
142.611  73.762 0.0 0.0 0.0   0.000
141.667  73.738 0.0 0.0 0.0   0.000
140.722  73.714 0.0 0.0 0.0   0.000
139.778  73.690 0.0 0.0 0.0   0.000
138.833  73.667 0.0 0.0 0.0   0.000
137.889  73.643 0.0 0.0 0.0   0.000
136.944  73.619 0.0 0.0 0.0   0.000
136.000  73.595 0.0 0.0 0.0   0.000
135.056  73.571 0.0 0.0 0.0   0.000
134.111  73.548 0.0 0.0 0.0   0.000
133.167  73.524 0.0 0.0 0.0   0.000
126.500  73.500 0.0 0.0 0.0   0.252
125.500  73.500 0.0 0.0 0.0   0.504
124.500  74.000 0.0 0.0 0.0   0.756
123.500  74.000 0.0 0.0 0.0   1.008
122.500  74.500 0.0 0.0 0.0   1.260
121.500  74.500 0.0 0.0 0.0   1.512
120.500  74.500 0.0 0.0 0.0   1.764
119.500  74.500 0.0 0.0 0.0   2.015
118.500  74.500 0.0 0.0 0.0   2.267
118.000  74.500 0.0 0.0 0.0   2.519
116.000  74.500 0.0 0.0 0.0   2.771
114.500  75.500 0.0 0.0 0.0   3.023
112.500  75.250 0.0 0.0 0.0   3.275
111.000  75.250 0.0 0.0 0.0   3.527
109.500  76.250 0.0 0.0 0.0   3.779
107.500  76.250 0.0 0.0 0.0   4.031
106.000  77.500 0.0 0.0 0.0   4.283
103.500  78.500 0.0 0.0 0.0   4.535
102.000  79.000 0.0 0.0 0.0   4.787
100.000  80.000 0.0 0.0 0.0   5.039
 98.000  81.000 0.0 0.0 0.0   5.291
 96.000  82.000 0.0 0.0 0.0   5.542
 94.000  83.500 0.0 0.0 0.0   5.794
 92.500  84.500 0.0 0.0 0.0   6.046
 90.000  85.500 0.0 0.0 0.0   6.298
 88.000  86.750 0.0 0.0 0.0   6.550
 88.000  86.750 0.0 0.0 0.0   6.802
 88.000  87.250 0.0 0.0 0.0   7.054
