135.750 55.250 0.000 0.000 0.000 0.650
134.500 56.250 0.000 0.000 0.000 0.675
133.750 56.500 0.000 0.000 0.000 0.559
132.750 57.500 0.000 0.000 0.000 0.644
131.500 58.000 0.000 0.000 0.000 0.574
130.500 59.500 0.000 0.000 0.000 0.681
129.750 60.500 0.000 0.000 0.000 0.719
128.750 60.625 0.000 0.000 0.000 0.655
128.750 61.500 0.000 0.000 0.000 0.729
127.750 61.750 0.000 0.000 0.000 0.682
126.750 61.750 0.000 0.000 0.000 0.625
126.000 62.750 0.000 0.000 0.000 0.656
125.000 63.000 0.000 0.000 0.000 0.625
124.750 62.750 0.000 0.000 0.000 0.598
124.000 62.750 0.000 0.000 0.000 0.568
123.000 62.875 0.000 0.000 0.000 0.539
123.000 63.000 0.000 0.000 0.000 0.546
122.000 62.750 0.000 0.000 0.000 0.499
121.000 63.000 0.000 0.000 0.000 0.484
121.000 63.000 0.000 0.000 0.000 0.484
120.750 63.000 0.000 0.000 0.000 0.477
120.250 63.250 0.000 0.000 0.000 0.476
119.250 63.250 0.000 0.000 0.000 0.451
119.000 63.000 0.000 0.000 0.000 0.433
118.250 62.375 0.000 0.000 0.000 0.387
118.250 62.250 0.000 0.000 0.000 0.381
117.250 62.250 0.000 0.000 0.000 0.362
117.250 62.750 0.000 0.000 0.000 0.385
116.250 62.500 0.000 0.000 0.000 0.356
116.250 62.500 0.000 0.000 0.000 0.356
115.250 62.750 0.000 0.000 0.000 0.351
115.250 62.500 0.000 0.000 0.000 0.340
114.500 62.750 0.000 0.000 0.000 0.339
114.250 61.750 0.000 0.000 0.000 0.294
114.250 61.750 0.000 0.000 0.000 0.294
113.250 61.750 0.000 0.000 0.000 0.281
113.250 62.000 0.000 0.000 0.000 0.291
112.500 62.125 0.000 0.000 0.000 0.288
112.500 62.250 0.000 0.000 0.000 0.292
112.250 62.250 0.000 0.000 0.000 0.290
111.250 62.000 0.000 0.000 0.000 0.276
111.000 61.750 0.000 0.000 0.000 0.257
111.250 61.500 0.000 0.000 0.000 0.250
110.250 61.500 0.000 0.000 0.000 0.240
109.750 61.000 0.000 0.000 0.000 0.218
109.750 61.500 0.000 0.000 0.000 0.236
109.500 61.500 0.000 0.000 0.000 0.234
108.750 61.750 0.000 0.000 0.000 0.236
108.500 61.500 0.000 0.000 0.000 0.225
108.250 61.500 0.000 0.000 0.000 0.223
107.500 61.250 0.000 0.000 0.000 0.209
107.750 61.750 0.000 0.000 0.000 0.228
108.250 61.750 0.000 0.000 0.000 0.232
108.250 61.750 0.000 0.000 0.000 0.232
108.250 61.750 0.000 0.000 0.000 0.232
108.000 61.750 0.000 0.000 0.000 0.230
107.250 61.750 0.000 0.000 0.000 0.224
108.000 62.000 0.000 0.000 0.000 0.239
107.000 62.000 0.000 0.000 0.000 0.231
106.750 62.000 0.000 0.000 0.000 0.229
105.500 62.000 0.000 0.000 0.000 0.220
104.750 62.000 0.000 0.000 0.000 0.214
104.500 61.750 0.000 0.000 0.000 0.205
103.250 61.750 0.000 0.000 0.000 0.197
102.250 61.750 0.000 0.000 0.000 0.192
101.250 62.000 0.000 0.000 0.000 0.193
100.500 61.000 0.000 0.000 0.000 0.162
99.500 60.875 0.000 0.000 0.000 0.154
98.500 61.125 0.000 0.000 0.000 0.156
97.500 61.625 0.000 0.000 0.000 0.165
96.500 60.750 0.000 0.000 0.000 0.139
95.500 61.000 0.000 0.000 0.000 0.142
94.750 61.000 0.000 0.000 0.000 0.139
93.250 60.875 0.000 0.000 0.000 0.131
92.000 60.750 0.000 0.000 0.000 0.125
91.000 60.750 0.000 0.000 0.000 0.122
90.250 61.250 0.000 0.000 0.000 0.131
88.250 60.750 0.000 0.000 0.000 0.115
87.250 61.250 0.000 0.000 0.000 0.123
86.250 61.250 0.000 0.000 0.000 0.121
85.250 61.000 0.000 0.000 0.000 0.113
84.000 60.750 0.000 0.000 0.000 0.106
82.000 60.750 0.000 0.000 0.000 0.102
81.250 61.000 0.000 0.000 0.000 0.105
80.000 60.875 0.000 0.000 0.000 0.101
78.750 60.750 0.000 0.000 0.000 0.099
77.500 60.625 0.000 0.000 0.000 0.098
76.250 60.500 0.000 0.000 0.000 0.097
75.000 60.375 0.000 0.000 0.000 0.096
73.750 60.250 0.000 0.000 0.000 0.095
72.500 60.125 0.000 0.000 0.000 0.094
