163.000  63.625 0.0 0.0 0.0   0.000
162.000  63.625 0.0 0.0 0.0   0.000
160.000  63.625 0.0 0.0 0.0   0.000
158.750  64.375 0.0 0.0 0.0   0.000
156.500  64.500 0.0 0.0 0.0   0.000
155.500  63.625 0.0 0.0 0.0   0.000
153.500  63.625 0.0 0.0 0.0   0.000
151.500  64.375 0.0 0.0 0.0   0.000
149.500  64.375 0.0 0.0 0.0   0.000
148.000  63.375 0.0 0.0 0.0   0.000
146.500  63.375 0.0 0.0 0.0   0.000
145.250  63.375 0.0 0.0 0.0   0.000
143.250  64.125 0.0 0.0 0.0   0.000
141.000  64.125 0.0 0.0 0.0   0.000
139.250  64.125 0.0 0.0 0.0   0.000
138.000  64.125 0.0 0.0 0.0   0.000
136.250  64.125 0.0 0.0 0.0   0.000
135.250  64.125 0.0 0.0 0.0   0.000
133.000  64.125 0.0 0.0 0.0   0.000
131.250  64.125 0.0 0.0 0.0   0.000
129.500  63.125 0.0 0.0 0.0   0.000
128.250  62.875 0.0 0.0 0.0   0.000
126.000  62.875 0.0 0.0 0.0   0.000
124.250  62.125 0.0 0.0 0.0   0.000
122.500  61.875 0.0 0.0 0.0   0.000
121.250  62.125 0.0 0.0 0.0   0.000
119.250  61.750 0.0 0.0 0.0   0.000
117.250  61.875 0.0 0.0 0.0   0.000
115.250  60.875 0.0 0.0 0.0   0.000
113.500  60.875 0.0 0.0 0.0   0.000
112.250  60.875 0.0 0.0 0.0   0.000
110.500  60.875 0.0 0.0 0.0   0.000
108.500  60.875 0.0 0.0 0.0   0.000
106.500  60.750 0.0 0.0 0.0   0.000
105.750  60.125 0.0 0.0 0.0   0.000
103.500  60.125 0.0 0.0 0.0   0.300
101.500  60.125 0.0 0.0 0.0   0.600
100.000  60.250 0.0 0.0 0.0   0.900
 99.000  60.250 0.0 0.0 0.0   1.200
 98.250  60.250 0.0 0.0 0.0   1.500
 95.750  60.250 0.0 0.0 0.0   1.800
 94.750  60.375 0.0 0.0 0.0   2.100
 93.500  61.000 0.0 0.0 0.0   2.400
 91.750  61.250 0.0 0.0 0.0   2.700
 90.250  61.375 0.0 0.0 0.0   3.000
 87.500  61.375 0.0 0.0 0.0   3.300
 86.500  61.375 0.0 0.0 0.0   3.600
 85.250  61.875 0.0 0.0 0.0   3.900
 83.250  62.125 0.0 0.0 0.0   4.200
 81.750  62.875 0.0 0.0 0.0   4.500
 80.000  62.875 0.0 0.0 0.0   4.800
 78.250  62.875 0.0 0.0 0.0   5.100
 77.250  63.625 0.0 0.0 0.0   5.400
 75.500  63.750 0.0 0.0 0.0   5.700
 74.250  64.750 0.0 0.0 0.0   6.000
 72.500  64.750 0.0 0.0 0.0   6.300
 71.500  65.875 0.0 0.0 0.0   6.600
 69.500  66.750 0.0 0.0 0.0   6.900
 68.500  67.500 0.0 0.0 0.0   7.200
 66.750  68.750 0.0 0.0 0.0   7.500
 64.750  69.125 0.0 0.0 0.0   7.800
 62.750  70.875 0.0 0.0 0.0   8.100
 60.750  71.875 0.0 0.0 0.0   8.400
 59.750  72.875 0.0 0.0 0.0   8.700
 58.250  74.375 0.0 0.0 0.0   9.000
 56.500  75.875 0.0 0.0 0.0   9.300
 54.500  77.125 0.0 0.0 0.0   9.600
 53.250  78.250 0.0 0.0 0.0   9.900
 52.000  79.625 0.0 0.0 0.0  10.200
